{
"InputOffset": [0.000026, 0.000000, 0.000001, -0.000000, 0.000033, -0.000000, 0.000000, -0.000003, 0.000002, 0.000008, -0.000000, 0.000033, -0.000000, 0.000000, -0.000004, -0.000000, -0.000006, 0.000002, 0.000033, 0.000001, -0.000001, -0.000000, -0.000003, -0.000017, 0.000002, 0.000032, 0.000001, -0.000000, -0.000008, -0.000004, -0.000023, 0.000001, 0.000033, -0.000000, 0.000002, -0.000001, -0.000000, -0.000006, -0.000003, 0.000033, -0.000000, 0.000001, -0.000001, -0.000003, -0.000017, -0.000002, 0.000032, -0.000000, 0.000000, -0.000008, -0.000005, -0.000023, -0.000002, 0.000033, 0.000000, -0.000000, -0.000001, 0.000027, -0.000022, 0.000001, 0.000001, -0.000001, -0.000020, 0.000033, -0.000031, 0.000001, 0.000001, -0.000001, -0.000028, 0.000021, -0.000015, -0.000001, 0.000004, 0.000003, -0.000025, 0.000013, -0.000001, -0.000000, 0.000004, 0.000004, -0.000020, 0.000010, 0.000007, 0.000000, 0.000002, 0.000007, 0.000000, 0.000021, -0.000015, 0.000002, 0.000000, -0.000004, -0.000027, 0.000013, -0.000001, 0.000000, 0.000001, -0.000005, -0.000023, 0.000009, 0.000008, -0.000001, 0.000000, -0.000003, -0.000003, 0.000017, 0.000009, 0.000009, 0.000009, 0.000009, 0.000014, 0.000014, 0.000008, 0.000002, -0.000000, 0.000009, 0.000002, 0.000000, 0.000013, 0.000005, 0.000001, 0.000013, 0.000005, -0.000000, -0.000001],
"InputScale": [50.000000, 50.000000, 50.000000, 50.000000, 50.000000, 50.000000, 50.000000, 50.000000, 50.000000, 50.000000, 50.000000, 50.000000, 50.000000, 50.000000, 50.000000, 50.000000, 50.000000, 50.000000, 50.000000, 50.000000, 50.000000, 50.000000, 50.000000, 50.000000, 50.000000, 50.000000, 50.000000, 50.000000, 50.000000, 50.000000, 50.000000, 50.000000, 50.000000, 50.000000, 50.000000, 50.000000, 50.000000, 50.000000, 50.000000, 50.000000, 50.000000, 50.000000, 50.000000, 50.000000, 50.000000, 50.000000, 50.000000, 50.000000, 50.000000, 50.000000, 50.000000, 50.000000, 50.000000, 50.000000, 50.000000, 50.000000, 50.000000, 50.000000, 50.000000, 50.000000, 50.000000, 50.000000, 50.000000, 50.000000, 50.000000, 50.000000, 50.000000, 50.000000, 50.000000, 50.000000, 50.000000, 50.000000, 50.000000, 50.000000, 50.000000, 50.000000, 50.000000, 50.000000, 50.000000, 50.000000, 50.000000, 50.000000, 50.000000, 50.000000, 50.000000, 50.000000, 50.000000, 50.000000, 50.000000, 50.000000, 50.000000, 50.000000, 50.000000, 50.000000, 50.000000, 50.000000, 50.000000, 50.000000, 50.000000, 50.000000, 50.000000, 50.000000, 50.000000, 50.000000, 50.000000, 50.000000, 50.000000, 50.000000, 50.000000, 50.000000, 50.000000, 50.000000, 50.000000, 50.000000, 50.000000, 50.000000, 50.000000, 50.000000, 50.000000, 50.000000, 50.000000, 50.000000, 50.000000, 50.000000, 50.000000],
"OutputOffset": [0.000000, 0.000000, 0.000000, -0.200000, 0.000000, 0.000000, 0.000000, -0.200000, 1.570000, 0.000000, 0.000000, 0.000000, -0.200000, 0.000000, 0.000000, 0.000000, -0.200000, 1.570000, 0.000000, 0.000000, 0.000000, -0.200000],
"OutputScale": [0.250000, 1.000000, 1.000000, 1.000000, 0.097276, 1.000000, 1.000000, 1.000000, 0.159236, 0.159236, 1.000000, 1.000000, 1.000000, 0.097276, 1.000000, 1.000000, 1.000000, 0.159236, 0.159236, 1.000000, 1.000000, 1.000000]
}