{
"InputOffset": [-0.738988, -0.003604, -0.024666, 0.000091, -0.948750, 0.001506, -0.000945, 0.074727, -0.048686, -0.218305, 0.000813, -0.941573, 0.000551, -0.005667, 0.125888, 0.000556, 0.174165, -0.065621, -0.945527, -0.028357, 0.016049, 0.014079, 0.077522, 0.488430, -0.044833, -0.915663, -0.031108, 0.009196, 0.226199, 0.117897, 0.665937, -0.028177, -0.945373, 0.004974, -0.054554, 0.038490, 0.007927, 0.173746, 0.072451, -0.945213, 0.010608, -0.015852, 0.031308, 0.096107, 0.484981, 0.064481, -0.912831, 0.013705, -0.012693, 0.239585, 0.141176, 0.660215, 0.058641, -0.946467, -0.001090, 0.006196, 0.042390, -0.771882, 0.650428, -0.026743, -0.037275, 0.034487, 0.589201, -0.959744, 0.908523, -0.029109, -0.027715, 0.015019, 0.823108, -0.600420, 0.432164, 0.018700, -0.127962, -0.089316, 0.735403, -0.384524, 0.040312, 0.008761, -0.118788, -0.102357, 0.571439, -0.285374, -0.199779, -0.002398, -0.068206, -0.212213, -0.000275, -0.597692, 0.424507, -0.052416, -0.006869, 0.127186, 0.774741, -0.369654, 0.025766, -0.005639, -0.020201, 0.137399, 0.655489, -0.257564, -0.218391, 0.028870, -0.004199, 0.089849, 0.077685, -0.497531, -0.256187, -0.246412, -0.249011, -0.248391, -0.418462, -0.395974, -0.242312, -0.050971, 0.012652, -0.253020, -0.052273, -0.013269, -0.364453, -0.144978, -0.023579, -0.379323, -0.141961, 0.013869, 0.015641],
"InputScale": [6.161707, 50.000000, 50.000000, 50.000000, 12.841961, 4.481026, 14.282475, 5.462062, 12.607494, 15.533169, 9.419634, 11.910775, 4.532784, 12.318241, 5.326242, 12.680927, 19.881859, 12.465420, 13.154202, 4.797479, 8.601019, 4.881071, 4.720346, 7.538223, 4.440353, 10.973365, 4.720838, 9.085568, 4.764432, 3.471983, 5.434156, 3.290679, 12.421771, 5.536605, 7.117613, 4.825510, 12.301908, 18.858922, 12.564002, 13.117732, 4.829679, 9.006111, 4.755638, 4.600414, 7.250697, 4.490069, 10.720681, 4.752924, 9.553868, 4.710583, 3.398496, 5.261294, 3.334358, 12.403207, 5.486080, 7.471567, 4.728512, 1.404875, 1.136025, 1.279414, 0.319187, 0.261594, 0.241768, 1.293480, 0.889833, 1.104429, 0.309006, 0.257403, 0.227835, 1.352363, 1.482583, 1.675353, 0.343013, 0.244042, 0.300053, 0.967678, 1.629295, 1.310406, 0.334949, 0.237194, 0.242057, 0.671331, 1.081193, 0.950088, 0.223265, 0.196482, 0.180356, 1.392429, 1.481830, 1.619877, 0.354871, 0.252383, 0.291186, 0.958907, 1.589178, 1.335838, 0.345613, 0.244968, 0.239651, 0.662701, 1.052194, 0.988864, 0.222779, 0.199562, 0.175756, 3.450132, 2.290813, 2.320610, 2.312460, 2.314388, 2.027136, 2.044743, 2.695129, 9.409500, 3.006833, 2.573523, 9.301938, 2.959734, 1.907064, 5.887395, 2.079917, 1.906126, 5.979339, 2.078028, 1.006458],
"OutputOffset": [-0.500000],
"OutputScale": [2.000000]
}